0.000000000000000000e+00 4.644217070907717515e-322 0.000000000000000000e+00 4.644217070907717515e-322 0.000000000000000000e+00
0.000000000000000000e+00 0.000000000000000000e+00 0.000000000000000000e+00 0.000000000000000000e+00 0.000000000000000000e+00
0.000000000000000000e+00 0.000000000000000000e+00 0.000000000000000000e+00 0.000000000000000000e+00 0.000000000000000000e+00
0.000000000000000000e+00 0.000000000000000000e+00 0.000000000000000000e+00 0.000000000000000000e+00 0.000000000000000000e+00
0.000000000000000000e+00 0.000000000000000000e+00 0.000000000000000000e+00 0.000000000000000000e+00 0.000000000000000000e+00
0.000000000000000000e+00 0.000000000000000000e+00 0.000000000000000000e+00 0.000000000000000000e+00 0.000000000000000000e+00
0.000000000000000000e+00 0.000000000000000000e+00 0.000000000000000000e+00 0.000000000000000000e+00 0.000000000000000000e+00
0.000000000000000000e+00 0.000000000000000000e+00 0.000000000000000000e+00 0.000000000000000000e+00 0.000000000000000000e+00
0.000000000000000000e+00 0.000000000000000000e+00 0.000000000000000000e+00 0.000000000000000000e+00 0.000000000000000000e+00
0.000000000000000000e+00 0.000000000000000000e+00 0.000000000000000000e+00 0.000000000000000000e+00 0.000000000000000000e+00
0.000000000000000000e+00 0.000000000000000000e+00 0.000000000000000000e+00 0.000000000000000000e+00 0.000000000000000000e+00
0.000000000000000000e+00 0.000000000000000000e+00 0.000000000000000000e+00 0.000000000000000000e+00 0.000000000000000000e+00
0.000000000000000000e+00 0.000000000000000000e+00 0.000000000000000000e+00 0.000000000000000000e+00 0.000000000000000000e+00
0.000000000000000000e+00 0.000000000000000000e+00 1.453049459353983925e-296 2.256466760405037609e-309 1.021890490135043354e-152
6.608537945879601005e+265 3.923936752966200344e+252 1.280144599697807133e-152 2.345440422643579731e+251 1.106400168825203481e+200
9.338299529386910164e+252 1.235590586578366032e-259 3.154748985170057376e+180 8.784172459598048144e+247 4.245102071192903252e+175
1.277346576827254326e-152 6.124105624102068781e+223 3.814307345748401788e+228 5.486050626095929626e+241 7.219079723376264487e+159
2.175619528164975573e+243 2.309081821095975052e+251 1.274215218462712965e+161 2.660624823516844565e-260 2.584081728422416077e+161
2.466003805145880845e-154 4.475938159070002814e-91 5.981496722672683954e-154 2.521751955174761302e+180 2.769584644913707844e+199
3.311470397919914822e+251 7.691530318593779213e+218 2.216333863363233698e+214 1.469233345570128469e+195 2.521751955174793089e+180
2.466355156579245064e-154 3.040401864560113905e+180 7.252745011780163314e+111 3.131697517138755440e-120 2.135076938296819013e+161
5.329140251621273525e+233 2.355122026861631245e+251 3.040401864568284681e+180 2.655104975739040633e-258 3.412147946175659885e+161
5.981896291278370670e-154 4.475938159534341441e-91 6.013469526086386681e-154 2.172354548494984938e-153 5.278438337091494782e+246
3.033326261532013041e+180 4.261373026513327402e+257 2.245213219295622107e+190 4.903868366544146810e+252 5.556035922402495706e+180
6.013469528776643991e-154 3.326531626216795705e-111 9.225598906594877285e-143 3.701887969707385218e-313 2.565136415986338560e-308
1.376949504990990963e+214 8.739902788848755037e+245 4.806837475634203290e-109 7.659657188184405422e-167 5.611684181576130302e-313
4.791296736339400517e-309 3.384606616255426641e+125 6.676443127911342134e+151 2.958903031561598673e-311 5.814992585237985458e+252
4.045480986678447381e-311 3.572697972376877467e-263 2.216490916031694598e-313 4.373008926022680799e-308 1.333603082542567055e+241
2.251437534216130189e-310 1.215726122475570637e-224 3.701887969707385218e-313 1.684007378261092642e-19 8.779363899101606128e-274
4.339315611602812723e-313 9.397669005568160845e-294 5.457684838072859897e-217 1.539763275766044856e+111 2.962217608781149682e+207
7.292902112854599240e-304 2.486770701337116203e+289 5.651200782419240312e+120 2.129884697372388345e+289 1.320315175317725009e-19
2.613343627793269153e+289 2.730401867055711223e+289 7.949260700639446939e+91 5.982277996410584094e-154 1.745178266050466319e+194
7.530468310066660316e+252 1.674948289311069049e+243 5.267503700059225712e+170 1.237624467173954257e+224 1.237809862618747038e-259
6.013470016999039339e-154 1.064418587107779595e+248 6.013470016999039339e-154 4.475938159536155264e-91 6.013470016999039339e-154
1.039175397305940264e-28 2.656082190754541759e+151 4.440324998021831226e+252 5.459018638054304173e+156 6.613261049625727053e+265
2.213664757450408858e+214 5.981816694955046331e-154 3.865830932891208358e+233 1.688231604899833580e+195 3.685724344839422585e+180
6.013470015093723602e-154 2.992465392687101295e+262 7.530468282967016159e+252 1.852730960623655567e+296 1.333603534636454127e+241
8.764093416903265709e+179 3.568171258789264019e+26 1.494846566182332849e-312 2.709722758319084519e-306 3.326531737747223477e-111
2.731979697548379899e-285 7.575196223918771123e-310 0.000000000000000000e+00 8.370278714475201383e-313 0.000000000000000000e+00
6.688874504945748321e-198 3.490517295315516926e-313 3.523746601443434812e-294 1.458608234881347402e-303 1.144487746658384498e+243
7.727796413006100862e+228 4.824108958214297844e+228 2.013852590147933547e+241 7.303485113350845327e-310 -5.451504483407478976e-268
2.025345513923650928e-312 5.854725590232511031e-306 1.333603524699719743e+241 2.142791349718658840e-310 7.309272495198454486e-114
2.789263998671148961e-312 5.676338741028247504e-311 4.979913964050368050e-270 2.789294447749157212e-312 1.832170983636988365e+44
5.425760059833072204e-109 1.134777779739717950e+118 8.206155597873514031e-315 0.000000000000000000e+00 1.976262583364986177e-323
3.468064876277856480e+125 3.678784056739447139e+125 -5.546591422936194465e-246 6.304057000707950576e+173 -8.430835911111053309e-275
-2.871983810442498172e-289 -3.128521275122629631e-289 3.387913542677279658e+125 2.086714518138331153e-306 1.127516716919686320e+248
5.038721198878424756e+175 1.098013469231421254e+248 1.280369475487535148e-152 4.248217862589751180e+175 2.108783988089888876e+262
2.519733767518832469e+180 3.170958643494071603e+180 6.573184898872123013e-85 2.233395624974090132e+276 2.889806369818691034e+204
1.189176207268649977e+193 3.319159042918322565e-309 4.172013484701002593e-309 1.529738277853217296e-308 5.727781433409648545e+250
4.534339312257189570e+202 6.534882876272277851e+197 7.999603544473764144e-304 6.119962216817900342e+67 -4.053099408653377887e+125
2.379242049474511915e+267 2.025345513923650928e-312 1.333603415402685605e+241 2.686022272205916772e-310 4.735755854084112605e+170
1.138390230768572649e-118 8.582478288927511543e-313 3.063822402948018779e-309 7.291122019816259086e-304 3.280983809914854120e-85
2.574090751096959406e+151 1.753933042736425232e-321 5.432309226135905180e-312 8.968742530346923496e-309 4.228000228073841033e-307
6.124870525321469469e+257 1.008387563589406563e+261 1.674948244884064255e+243 1.106399450252020950e+200 5.852189490468874660e+199
2.886451186244666568e+214 6.096252978280045730e+247 2.464549559329829293e-154 2.410793908622351738e+198 9.753851610972062299e+199
4.451970049791913745e+252 7.179329028138994043e+256 5.038681926588528991e+175 5.028017642806497187e+223 1.277108272110732479e-152
4.909000571568187184e+252 6.013469533923236038e-154 1.275810128927331369e+232 2.355690114053698183e+251 1.012705316873507860e+261
5.724807235058511178e+247 4.261373091616833588e+257 6.013345147991217333e-154 1.430342977249991942e+241 5.644934441400025222e+204
8.370278709830984312e-313 6.799078225858643314e-308 1.368456099703606978e-48 5.197231879641356845e-314 6.331049233965802569e+180
7.337301865078874685e+223 1.547608063133291304e+262 -1.941454766776650680e-282 2.852923872400107131e-312 4.351410064565073682e-306
1.333603017957814416e+241 1.490914242734275404e-310 5.892103101334949136e+151 2.364864840478094498e-312 6.091147821154877715e+247
8.367757501233196976e+242 2.142791349718658840e-310 3.192443574602542547e-312 2.086702077934558753e-306 2.471481323376989260e-258
1.729187417549490708e-260 2.086704857767465266e-306 6.859171925729799123e-19 6.738981030569874346e+149 3.510237557816836180e+151
4.509378810162905878e-292 1.063131071878744403e+248 2.415795957820688144e-311 1.701822618950135226e-123 2.255370397101071967e+276
9.787117165050919811e+199 2.137261915741829571e+161 8.965758925194153252e-309 1.333602923564714404e+241 4.587754900116325310e-311
3.478213079395585011e-196 4.895840029701519544e-85 4.903679529819018939e+252 1.623538161819106318e+243 8.064008404826672511e-310
1.005625078608012887e-248 2.853089653321276292e-313 2.147935067515858859e-308 1.333602968277235462e+241 1.002006412494641499e-310
3.421964820192000164e-210 2.255351378497951083e+276 8.876708497178994080e+247 1.165076302145903886e-310 9.790299453948300559e-182
4.981312863029786099e+151 9.932698083842667279e+247 3.655882947733206615e+233 1.333603003062463013e+241 2.137661890629061090e+243
2.075584603164203226e+243 1.436591150484724521e-310 1.164434288655613407e-171 1.891189169286860609e+219 1.599656121663174807e-310
5.039613026094666257e-266 8.191487331063589361e+247 1.313884379345958040e+169 4.824071254713441940e+228 1.333603047774912114e+241
4.370038131915512222e-310 1.291436665414086217e-41 1.409966734543721956e-312 4.771740423142444269e-307 -3.384607650164069234e+125
2.175188055590540329e+243 7.194838928853324572e-310 1.144487847326836550e+243 2.725641810377384138e-312 2.586356348665401304e+161
3.013031402788713005e+161 1.115306473199808712e-118 8.370278709830984312e-313 6.799078225858643314e-308 6.218222129123235973e+175
9.005188024920898977e-314 7.863265757020886206e-251 3.201504089107647342e-241 1.369375646685896837e-231 7.870092716906609234e-251
4.674722819213916901e-193 9.950669021838652544e-280 2.442173261077300761e-260 2.473600939763034191e-229 4.248087707292727319e-309
2.645215544265125415e+185 7.628701649798302376e+228 4.825959768210601817e+276 1.277346576827254326e-152 0.000000000000000000e+00
2.139616412977740703e-314 8.562651708074643857e-320 nan 1.121529016059629655e-321 1.086461844974219425e-310
2.095103912324963129e-300 5.833298135730035821e-302 2.485626623357275479e-297 8.169919414295310780e-302 4.752731854551869353e-210
1.561099839308528963e-282 1.425175345770832320e-309 4.852377087135126654e-273 1.390699381248934582e-309 4.242656217025907494e-268
4.587926367698990654e-278 5.342289075239234619e-307 2.879720926838614928e-263 5.851663888638152092e-302 5.549792628457994042e-254
5.738852765003750270e-309 2.186208247159462161e-309 4.622552776482232035e-273 1.452337389236775437e-309 5.833289270880511700e-302
5.848108453861780039e-302 1.024523910994829117e-234 1.445110128497171630e-229 2.885075233722400239e-220 1.239501690146049387e-210
5.325213998040526546e-201 2.287846947451632974e-191 9.829169659157465242e-182 1.384333284601817328e-176 2.767907383089896001e-167
3.897094456141148072e-162 7.794462812489586802e-153 1.097087318099731244e-147 2.194930317516377442e-138 9.429971655189747494e-129
1.326481844794888706e-123 2.655490730415973689e-114 3.734234234195775297e-109 5.832902802017796125e-302 4.901441882559852882e-95
7.404123890244578064e-278 2.911255486643537461e-215 1.250861393694896382e-205 5.374499065978680899e-196 3.532505824654626616e-191
1.521012328586668807e-181 2.581151546039708176e-307 4.240003192495095501e-167 2.581586150645100792e-307 1.821067515523682596e-157
2.703452885690369542e-56 4.988827017650818735e-37 5.158758621363659902e-143 3.359120587219008534e-138 5.418027895304488541e-143
4.234933993447319066e-307 5.298621123483362852e+180 5.834395167768477978e+252 9.753946595357498841e+199 7.359897200782632286e+223
4.903868366531008575e+252 3.326531136294074850e-111 6.967708413625621862e+252 4.824071356774026459e+228 2.498514891303709168e+262
-3.841917962743546591e+125 6.120305160691670847e+257 2.584081541782547383e+161 -3.630392838432724740e+125 1.910846543013273690e+214
3.993489806710861807e-237 1.998056637365564231e+161 4.627723739369899056e-303 2.047382118338406329e+190 -3.630276611234260075e+125
9.091327223333994058e+276 1.038571344138328332e-311 1.167236332656100371e+214 4.903868364838386181e+252 1.443347077459460925e-251
6.775671000568625302e+199 6.938703886768322807e+252 5.126228392982540684e-266 1.326418710935714327e+272 3.873563064557495959e+228
1.321121984754479244e+272 9.096098031843366292e+223 5.014084393279390118e+175 9.764124222699354742e+252 7.374030859925960460e+173
9.465977580978189283e-247 4.710642343788931490e+257 9.299464745191279422e-247 3.597507819679654028e+252 1.217455760516010431e+224
1.128556633372753167e+277 4.224494624297335236e+160 -5.267729349996930637e+127 3.040815439337300380e+223 7.063366746719117220e+226
3.033789294572925112e-298 5.121673652562814800e-266 1.174694573110863663e+214 1.063063888801630855e+224 1.144457424749364829e+243
5.101816784063447617e+160 5.399934210178494796e-310 2.781342323134001729e-309 2.113820165866777272e-307 4.946609548799266064e+173
