2.262813382415334029e-01 7.432334777145219729e-01 9.740225757350703395e-01 5.859085531954274506e-01 7.702041120398260832e-01
4.329760830968679697e-01 nan nan nan nan
3.124068874218370873e-01 nan nan nan nan
4.579507557371208515e-01 nan nan nan nan
9.657857889636456417e-02 nan nan nan nan
4.778404767295491018e-01 nan nan nan nan
3.125001376254064045e-01 nan nan nan nan
1.109554559842024224e-01 nan nan nan nan
5.919332877754348576e-01 nan nan nan nan
8.501508212327381075e-01 nan nan nan nan
6.232713007494145030e-01 nan nan nan nan
4.863627020521863464e-01 nan nan nan nan
4.378894409730245130e-01 nan nan nan nan
9.389325724295984887e-01 nan nan nan nan
6.013528342182238307e-01 nan nan nan nan
9.263639316348847297e-01 nan nan nan nan
7.428212918019835298e-01 nan nan nan nan
1.352059734772838029e-01 nan nan nan nan
3.638163619328075304e-01 nan nan nan nan
5.953758480533928310e-01 nan nan nan nan
6.454028720328591762e-01 nan nan nan nan
4.647605590514691798e-03 nan nan nan nan
5.770952748314029934e-01 nan nan nan nan
4.033686099912561218e-01 nan nan nan nan
3.737125010769060118e-01 nan nan nan nan
4.108892215372140777e-01 nan nan nan nan
6.283695583499373516e-01 nan nan nan nan
1.839049732719029162e-01 nan nan nan nan
6.973735443471619222e-01 nan nan nan nan
9.061423623147540907e-01 nan nan nan nan
6.956068378997019019e-01 nan nan nan nan
1.656219357476541587e-01 nan nan nan nan
5.120002949368167577e-01 nan nan nan nan
6.722285979994024885e-03 nan nan nan nan
7.937876928073885896e-01 nan nan nan nan
8.092111847045734274e-01 nan nan nan nan
7.453549339048699540e-01 nan nan nan nan
4.370686843413048583e-01 nan nan nan nan
4.169881648944614438e-01 nan nan nan nan
2.831087590535232845e-01 nan nan nan nan
5.745677328906879655e-01 nan nan nan nan
4.248136508739981387e-01 nan nan nan nan
3.278713828843270450e-01 nan nan nan nan
4.109430581053338249e-01 nan nan nan nan
4.597957492413917713e-01 nan nan nan nan
3.452404610073271929e-01 nan nan nan nan
1.051734336887524268e-01 nan nan nan nan
8.690519473987368126e-01 nan nan nan nan
4.946663646607387665e-01 nan nan nan nan
1.301213645195236079e-01 nan nan nan nan
9.225755758750955327e-01 nan nan nan nan
2.431966985276434734e-02 nan nan nan nan
3.924228420868214329e-02 nan nan nan nan
6.532311866185307458e-01 nan nan nan nan
7.916541198118460798e-01 nan nan nan nan
1.423939784661975017e-01 nan nan nan nan
6.266627497355403698e-01 nan nan nan nan
7.550323981227715642e-01 nan nan nan nan
8.842879423600399358e-01 nan nan nan nan
9.255217590320489185e-01 nan nan nan nan
5.963412137111349098e-01 nan nan nan nan
4.484660638270339117e-01 nan nan nan nan
6.434422448999108646e-01 nan nan nan nan
1.369033932367329509e-01 nan nan nan nan
2.509561651940939164e-02 nan nan nan nan
1.441036040986171107e-01 nan nan nan nan
3.235880979078515907e-01 nan nan nan nan
6.321730489594529212e-01 nan nan nan nan
8.841506609527617355e-01 nan nan nan nan
9.441871181859150530e-01 nan nan nan nan
3.490321156135414160e-01 nan nan nan nan
9.487141040161335415e-01 nan nan nan nan
8.307645539516886890e-01 nan nan nan nan
1.198412370114894099e-01 nan nan nan nan
2.613355276791190507e-01 nan nan nan nan
4.611631202499115734e-01 nan nan nan nan
6.306703893414155049e-01 nan nan nan nan
4.498785038168721107e-01 nan nan nan nan
1.987771612571208601e-01 nan nan nan nan
4.273877686964233646e-02 nan nan nan nan
1.721016392298556630e-01 nan nan nan nan
7.101120548091086615e-01 nan nan nan nan
7.590214765308904710e-01 nan nan nan nan
4.535021776601909638e-01 nan nan nan nan
7.216102877039233254e-01 nan nan nan nan
2.081609274611635474e-01 nan nan nan nan
4.129353409630629468e-01 nan nan nan nan
2.885958371913510678e-01 nan nan nan nan
5.625080494789764796e-01 nan nan nan nan
5.817994679346127906e-02 nan nan nan nan
5.648864189763715959e-01 nan nan nan nan
3.582870623598306548e-01 nan nan nan nan
4.849221075592232699e-01 nan nan nan nan
1.745346023864496887e-01 nan nan nan nan
9.239222589803419705e-02 nan nan nan nan
5.028057964613911190e-01 nan nan nan nan
9.723100715355150747e-01 nan nan nan nan
4.672937516813604475e-01 nan nan nan nan
4.247474428765096732e-02 nan nan nan nan
6.644076097014344207e-01 nan nan nan nan
