2.262813382415334029e-01 7.314527625562167179e-01 1.421163742601712077e-01 5.859085531954274506e-01 7.702041120398260832e-01
4.329760830968679697e-01 7.314527625562167179e-01 1.421163742601712077e-01 5.859085531954274506e-01 7.702041120398260832e-01
3.124068874218370873e-01 7.314527625562167179e-01 1.421163742601712077e-01 5.859085531954274506e-01 7.702041120398260832e-01
4.579507557371208515e-01 2.111253444370905230e-01 1.421163742601712077e-01 5.859085531954274506e-01 7.702041120398260832e-01
9.657857889636456417e-02 2.111253444370905230e-01 1.421163742601712077e-01 5.859085531954274506e-01 7.702041120398260832e-01
4.778404767295491018e-01 1.703936232647985660e-01 1.209668623869750714e-01 5.859085531954274506e-01 7.702041120398260832e-01
3.125001376254064045e-01 9.961196830315892647e-01 2.499327464851488489e-01 5.859085531954274506e-01 8.013138988732604329e-01
1.109554559842024224e-01 9.961196830315892647e-01 2.499327464851488489e-01 5.859085531954274506e-01 8.013138988732604329e-01
5.919332877754348576e-01 7.971485109271126968e-01 2.499327464851488489e-01 5.859085531954274506e-01 8.013138988732604329e-01
8.501508212327381075e-01 7.971485109271126968e-01 2.499327464851488489e-01 5.859085531954274506e-01 8.013138988732604329e-01
6.232713007494145030e-01 7.971485109271126968e-01 2.499327464851488489e-01 5.859085531954274506e-01 8.013138988732604329e-01
4.863627020521863464e-01 7.971485109271126968e-01 8.216654147888772242e-01 5.859085531954274506e-01 8.013138988732604329e-01
4.378894409730245130e-01 7.971485109271126968e-01 8.216654147888772242e-01 5.859085531954274506e-01 6.164597771999051901e-01
9.389325724295984887e-01 4.829550932326409640e-01 9.615589558342156895e-01 5.859085531954274506e-01 6.164597771999051901e-01
6.013528342182238307e-01 4.829550932326409640e-01 9.092498912774844566e-01 5.859085531954274506e-01 6.164597771999051901e-01
9.263639316348847297e-01 8.722861758644995245e-01 3.606713545263002807e-01 5.859085531954274506e-01 6.164597771999051901e-01
7.428212918019835298e-01 8.987630092241017943e-01 3.606713545263002807e-01 4.017591621618989972e-01 6.164597771999051901e-01
2.614493347771827958e-01 4.803768351831461114e-02 3.606713545263002807e-01 6.651024764470715445e-01 6.164597771999051901e-01
3.638163619328075304e-01 8.387710965474270974e-02 7.908143514232051086e-01 6.651024764470715445e-01 6.164597771999051901e-01
5.953758480533928310e-01 7.653645468397040075e-01 3.923570885425383681e-01 6.651024764470715445e-01 6.164597771999051901e-01
6.454028720328591762e-01 7.653645468397040075e-01 7.784051549980250950e-01 6.651024764470715445e-01 6.164597771999051901e-01
4.647605590514691798e-03 7.653645468397040075e-01 7.784051549980250950e-01 6.651024764470715445e-01 6.164597771999051901e-01
5.770952748314029934e-01 2.241669586393104652e-01 7.784051549980250950e-01 1.536074368759471342e-01 6.164597771999051901e-01
4.033686099912561218e-01 8.075885915979645890e-01 7.784051549980250950e-01 1.536074368759471342e-01 6.164597771999051901e-01
3.737125010769060118e-01 7.354984122351332365e-01 7.784051549980250950e-01 1.536074368759471342e-01 6.164597771999051901e-01
4.108892215372140777e-01 7.354984122351332365e-01 7.784051549980250950e-01 1.536074368759471342e-01 6.164597771999051901e-01
6.283695583499373516e-01 1.401472948557469511e-01 7.784051549980250950e-01 1.536074368759471342e-01 6.164597771999051901e-01
1.839049732719029162e-01 2.485756170394276543e-01 7.784051549980250950e-01 1.536074368759471342e-01 6.164597771999051901e-01
6.973735443471619222e-01 2.485756170394276543e-01 7.784051549980250950e-01 1.536074368759471342e-01 6.164597771999051901e-01
9.061423623147540907e-01 2.485756170394276543e-01 7.784051549980250950e-01 5.799370095628334498e-01 6.164597771999051901e-01
6.956068378997019019e-01 2.485756170394276543e-01 7.784051549980250950e-01 5.799370095628334498e-01 6.164597771999051901e-01
1.656219357476541587e-01 4.088016226000323883e-01 7.784051549980250950e-01 5.799370095628334498e-01 6.164597771999051901e-01
5.120002949368167577e-01 4.088016226000323883e-01 5.110982748163158673e-01 5.799370095628334498e-01 6.164597771999051901e-01
6.722285979994024885e-03 4.088016226000323883e-01 5.110982748163158673e-01 5.799370095628334498e-01 6.164597771999051901e-01
3.842198089007555772e-01 4.088016226000323883e-01 5.110982748163158673e-01 5.799370095628334498e-01 6.164597771999051901e-01
8.092111847045734274e-01 4.088016226000323883e-01 5.110982748163158673e-01 5.799370095628334498e-01 6.164597771999051901e-01
5.540231666797109655e-01 2.682692474073110622e-01 2.565703699824225525e-01 5.799370095628334498e-01 6.164597771999051901e-01
4.810173906991952464e-01 2.682692474073110622e-01 2.565703699824225525e-01 5.799370095628334498e-01 6.164597771999051901e-01
4.169881648944614438e-01 9.701150812008223490e-01 2.565703699824225525e-01 5.799370095628334498e-01 6.164597771999051901e-01
2.831087590535232845e-01 9.701150812008223490e-01 2.565703699824225525e-01 5.799370095628334498e-01 6.164597771999051901e-01
5.745677328906879655e-01 9.701150812008223490e-01 7.845293950193370502e-01 5.799370095628334498e-01 6.164597771999051901e-01
4.248136508739981387e-01 9.701150812008223490e-01 7.845293950193370502e-01 5.799370095628334498e-01 6.164597771999051901e-01
3.278713828843270450e-01 9.701150812008223490e-01 5.632629075105941574e-01 6.560542718546418239e-01 6.164597771999051901e-01
4.109430581053338249e-01 4.411186372192901217e-01 5.632629075105941574e-01 6.560542718546418239e-01 6.164597771999051901e-01
4.597957492413917713e-01 4.411186372192901217e-01 5.632629075105941574e-01 6.560542718546418239e-01 6.164597771999051901e-01
3.452404610073271929e-01 4.411186372192901217e-01 5.632629075105941574e-01 6.560542718546418239e-01 6.164597771999051901e-01
1.051734336887524268e-01 7.339225275223368872e-01 5.632629075105941574e-01 6.560542718546418239e-01 6.164597771999051901e-01
8.690519473987368126e-01 7.339225275223368872e-01 5.632629075105941574e-01 6.560542718546418239e-01 6.164597771999051901e-01
4.946663646607387665e-01 7.339225275223368872e-01 5.632629075105941574e-01 6.560542718546418239e-01 6.164597771999051901e-01
6.149158461604673498e-01 7.339225275223368872e-01 6.517473901513487489e-01 6.560542718546418239e-01 6.164597771999051901e-01
9.225755758750955327e-01 7.339225275223368872e-01 6.517473901513487489e-01 6.560542718546418239e-01 6.164597771999051901e-01
2.431966985276434734e-02 7.339225275223368872e-01 6.517473901513487489e-01 6.560542718546418239e-01 6.164597771999051901e-01
3.924228420868214329e-02 5.315472784897168346e-02 6.517473901513487489e-01 6.560542718546418239e-01 6.164597771999051901e-01
6.532311866185307458e-01 8.590230284642119685e-01 6.517473901513487489e-01 2.039139460487231492e-01 6.164597771999051901e-01
7.916541198118460798e-01 8.590230284642119685e-01 6.517473901513487489e-01 2.039139460487231492e-01 8.734176944618989857e-01
1.423939784661975017e-01 8.590230284642119685e-01 8.399369081840566409e-01 2.039139460487231492e-01 8.734176944618989857e-01
6.266627497355403698e-01 1.747516425932753581e-01 8.399369081840566409e-01 2.039139460487231492e-01 8.734176944618989857e-01
7.550323981227715642e-01 1.747516425932753581e-01 1.660496382283832562e-01 2.039139460487231492e-01 8.734176944618989857e-01
8.842879423600399358e-01 1.557630926941078187e-01 9.386242893151516276e-01 2.039139460487231492e-01 8.734176944618989857e-01
9.255217590320489185e-01 1.557630926941078187e-01 9.386242893151516276e-01 2.039139460487231492e-01 8.734176944618989857e-01
5.963412137111349098e-01 1.557630926941078187e-01 9.386242893151516276e-01 2.039139460487231492e-01 8.734176944618989857e-01
4.484660638270339117e-01 1.557630926941078187e-01 9.386242893151516276e-01 2.039139460487231492e-01 8.734176944618989857e-01
6.434422448999108646e-01 1.557630926941078187e-01 9.386242893151516276e-01 2.039139460487231492e-01 8.734176944618989857e-01
1.369033932367329509e-01 5.380440660577336942e-01 7.066703400572160731e-02 2.039139460487231492e-01 8.734176944618989857e-01
2.509561651940939164e-02 5.380440660577336942e-01 7.066703400572160731e-02 2.039139460487231492e-01 8.734176944618989857e-01
1.441036040986171107e-01 5.380440660577336942e-01 9.367001146826459124e-02 2.039139460487231492e-01 8.734176944618989857e-01
3.235880979078515907e-01 5.380440660577336942e-01 9.367001146826459124e-02 2.039139460487231492e-01 8.734176944618989857e-01
6.321730489594529212e-01 5.380440660577336942e-01 9.367001146826459124e-02 2.039139460487231492e-01 8.734176944618989857e-01
8.841506609527617355e-01 5.380440660577336942e-01 9.367001146826459124e-02 2.039139460487231492e-01 8.734176944618989857e-01
9.441871181859150530e-01 2.551232255630191403e-01 3.774161146781914722e-01 2.039139460487231492e-01 8.734176944618989857e-01
3.490321156135414160e-01 2.551232255630191403e-01 3.473898111694798674e-01 2.039139460487231492e-01 8.734176944618989857e-01
9.487141040161335415e-01 4.078168309843682726e-01 3.473898111694798674e-01 2.039139460487231492e-01 8.734176944618989857e-01
8.307645539516886890e-01 4.078168309843682726e-01 3.473898111694798674e-01 2.039139460487231492e-01 8.734176944618989857e-01
1.198412370114894099e-01 2.814176584963983263e-01 3.473898111694798674e-01 2.039139460487231492e-01 8.734176944618989857e-01
2.613355276791190507e-01 2.814176584963983263e-01 3.473898111694798674e-01 2.039139460487231492e-01 8.734176944618989857e-01
4.611631202499115734e-01 2.814176584963983263e-01 3.473898111694798674e-01 2.039139460487231492e-01 8.734176944618989857e-01
6.306703893414155049e-01 2.814176584963983263e-01 3.473898111694798674e-01 2.039139460487231492e-01 8.734176944618989857e-01
4.498785038168721107e-01 2.814176584963983263e-01 3.473898111694798674e-01 2.039139460487231492e-01 8.734176944618989857e-01
1.987771612571208601e-01 2.814176584963983263e-01 3.473898111694798674e-01 2.039139460487231492e-01 8.734176944618989857e-01
4.273877686964233646e-02 3.817841938115406064e-01 8.370143039756692271e-01 2.039139460487231492e-01 8.734176944618989857e-01
1.721016392298556630e-01 3.817841938115406064e-01 8.370143039756692271e-01 2.039139460487231492e-01 8.734176944618989857e-01
9.314340942989309813e-01 3.817841938115406064e-01 4.133397162245396883e-01 2.039139460487231492e-01 8.734176944618989857e-01
7.590214765308904710e-01 3.817841938115406064e-01 5.818583622364233987e-01 2.039139460487231492e-01 8.734176944618989857e-01
4.535021776601909638e-01 3.817841938115406064e-01 5.818583622364233987e-01 2.039139460487231492e-01 8.734176944618989857e-01
7.216102877039233254e-01 8.360939857850889778e-01 5.818583622364233987e-01 2.039139460487231492e-01 8.734176944618989857e-01
2.081609274611635474e-01 8.360939857850889778e-01 5.818583622364233987e-01 2.039139460487231492e-01 8.734176944618989857e-01
4.129353409630629468e-01 8.360939857850889778e-01 5.818583622364233987e-01 2.039139460487231492e-01 8.072236516702046005e-01
2.885958371913510678e-01 3.704028087819472015e-01 1.626529463408148413e-01 2.039139460487231492e-01 8.072236516702046005e-01
5.625080494789764796e-01 3.704028087819472015e-01 1.626529463408148413e-01 4.261688837579903355e-01 8.072236516702046005e-01
5.817994679346127906e-02 2.667849893328172461e-01 1.626529463408148413e-01 4.261688837579903355e-01 8.072236516702046005e-01
5.648864189763715959e-01 2.368349510931500035e-02 1.211486969907465960e-01 3.287683414634280377e-01 8.072236516702046005e-01
3.582870623598306548e-01 2.368349510931500035e-02 1.211486969907465960e-01 3.287683414634280377e-01 8.072236516702046005e-01
4.849221075592232699e-01 1.137833200332927230e-01 1.211486969907465960e-01 3.287683414634280377e-01 8.072236516702046005e-01
1.745346023864496887e-01 1.137833200332927230e-01 3.250203533156250657e-01 3.287683414634280377e-01 8.072236516702046005e-01
9.239222589803419705e-02 9.712105806209181402e-02 3.250203533156250657e-01 3.287683414634280377e-01 8.072236516702046005e-01
5.028057964613911190e-01 9.245630491176896060e-01 2.029745921036429923e-02 3.287683414634280377e-01 8.072236516702046005e-01
9.723100715355150747e-01 2.295780898279666804e-01 2.029745921036429923e-02 3.287683414634280377e-01 8.072236516702046005e-01
4.672937516813604475e-01 9.206798794966538635e-01 2.029745921036429923e-02 3.287683414634280377e-01 8.072236516702046005e-01
4.247474428765096732e-02 9.206798794966538635e-01 5.656615103359912133e-01 4.293615326694378842e-01 8.072236516702046005e-01
6.644076097014344207e-01 9.206798794966538635e-01 5.656615103359912133e-01 4.293615326694378842e-01 8.072236516702046005e-01
