2.455963140293174973e+00
2.662657885148509429e+00
2.542088689473478436e+00
2.167305139669636116e+00
1.805932962828879607e+00
2.125313627616576273e+00
2.945775019210832291e+00
2.744230337569628198e+00
3.026236997256384065e+00
3.284454530713687426e+00
3.057575010230364043e+00
3.492399079836864040e+00
3.259071697084347186e+00
3.585814951891788116e+00
3.195926149123681892e+00
3.361689792421017398e+00
3.020474594914190014e+00
1.951720626468774533e+00
2.520070076657732194e+00
3.034659737082611830e+00
3.470734827517565346e+00
2.829979561075220751e+00
2.349734602544590878e+00
2.759429570663098019e+00
2.657683282385916890e+00
2.694860002846224845e+00
2.316989222279561833e+00
1.980952959385207990e+00
2.494421530460467107e+00
3.129519921114945369e+00
2.918984396699893402e+00
2.549225500108450060e+00
2.628296979115903653e+00
2.123018970159081142e+00
2.500516493079842473e+00
2.925507868883660212e+00
2.275259570832182998e+00
2.202253794851667390e+00
2.840070402840444874e+00
2.706190996999506826e+00
3.525608995873585894e+00
3.375854913856896289e+00
3.133763420650290676e+00
2.687838651889765451e+00
2.736691343025823286e+00
2.622136054791758486e+00
2.674872917776230707e+00
3.438751431486214649e+00
3.064365848748217047e+00
3.273099812888699667e+00
3.580759542603328072e+00
2.682503636580997330e+00
2.016658451263549701e+00
2.984375328482720136e+00
3.379756178938028821e+00
2.918685555625088579e+00
2.718682941023494504e+00
2.173165319455052646e+00
3.056006964879921295e+00
3.097240781551930500e+00
2.768060236231016269e+00
2.620185086346915604e+00
2.815161267419792779e+00
1.822946133810810387e+00
1.711138357093486828e+00
1.853149322135237531e+00
2.032633815944472122e+00
2.341218766996073342e+00
2.593196378989381934e+00
2.654058098937747801e+00
2.028876792856662448e+00
2.781252386680603372e+00
2.663302836616159297e+00
1.825980347187989850e+00
1.967474637855619379e+00
2.167302230426411569e+00
2.336809499517915611e+00
2.156017613993372439e+00
1.904916271433621189e+00
2.338868915167473972e+00
2.468231777527687854e+00
2.803889644845633633e+00
2.799995673089476611e+00
2.494476374218777437e+00
3.216894276236057504e+00
2.703444915993298281e+00
2.842025286703503184e+00
1.832789190033040860e+00
2.328956340029933347e+00
1.721010417895288303e+00
1.845710604210065942e+00
1.639111247593525000e+00
1.855846117716895005e+00
1.749330268869000005e+00
1.650525630409383826e+00
2.583658297923077551e+00
2.358177613707478582e+00
2.544263083522011026e+00
2.765401318459938640e+00
3.387334183873722093e+00
